HP	HR	IDENS	HARVEST
1	0.1	100.00	1921.022
1	0.1	200.00	3036.218
1	0.1	300.00	3810.292
1	0.1	400.00	4399.027
1	0.1	500.00	4872.244
1	0.1	600.00	5266.898
1	0.1	700.00	5604.799
1	0.1	800.00	5899.848
1	0.1	900.00	6161.433
1	0.2	100.00	465.588
1	0.2	200.00	890.300
1	0.2	300.00	1280.527
1	0.2	400.00	1641.275
1	0.2	500.00	1976.538
1	0.2	600.00	2289.551
1	0.2	700.00	2582.971
1	0.2	800.00	2859.008
1	0.2	900.00	3119.518
1	0.3	100.00	228.123
1	0.3	200.00	448.918
1	0.3	300.00	662.803
1	0.3	400.00	870.159
1	0.3	500.00	1071.337
1	0.3	600.00	1266.662
1	0.3	700.00	1456.432
1	0.3	800.00	1640.924
1	0.3	900.00	1820.394
1	0.4	100.00	173.001
1	0.4	200.00	342.579
1	0.4	300.00	508.847
1	0.4	400.00	671.912
1	0.4	500.00	831.878
1	0.4	600.00	988.842
1	0.4	700.00	1142.897
1	0.4	800.00	1294.133
1	0.4	900.00	1442.635
1	0.5	100.00	150.883
1	0.5	200.00	299.514
1	0.5	300.00	445.948
1	0.5	400.00	590.234
1	0.5	500.00	732.422
1	0.5	600.00	872.560
1	0.5	700.00	1010.693
1	0.5	800.00	1146.868
1	0.5	900.00	1281.126
1	0.6	100.00	139.022
1	0.6	200.00	276.317
1	0.6	300.00	411.917
1	0.6	400.00	545.854
1	0.6	500.00	678.157
1	0.6	600.00	808.856
1	0.6	700.00	937.980
1	0.6	800.00	1065.557
1	0.6	900.00	1191.615
1	0.7	100.00	131.622
1	0.7	200.00	261.797
1	0.7	300.00	390.549
1	0.7	400.00	517.899
1	0.7	500.00	643.869
1	0.7	600.00	768.481
1	0.7	700.00	891.754
1	0.7	800.00	1013.710
1	0.7	900.00	1134.368
2	0.1	100.00	3358.407
2	0.1	200.00	4370.795
2	0.1	300.00	4939.459
2	0.1	400.00	5328.421
2	0.1	500.00	5621.682
2	0.1	600.00	5855.956
2	0.1	700.00	6050.393
2	0.1	800.00	6216.189
2	0.1	900.00	6360.433
2	0.2	100.00	1844.684
2	0.2	200.00	2947.189
2	0.2	300.00	3722.367
2	0.2	400.00	4315.821
2	0.2	500.00	4794.470
2	0.2	600.00	5194.316
2	0.2	700.00	5536.851
2	0.2	800.00	5835.892
2	0.2	900.00	6100.832
2	0.3	100.00	797.840
2	0.3	200.00	1460.567
2	0.3	300.00	2025.959
2	0.3	400.00	2518.001
2	0.3	500.00	2952.836
2	0.3	600.00	3341.841
2	0.3	700.00	3693.322
2	0.3	800.00	4013.531
2	0.3	900.00	4307.283
2	0.4	100.00	396.581
2	0.4	200.00	763.993
2	0.4	300.00	1105.950
2	0.4	400.00	1425.501
2	0.4	500.00	1725.182
2	0.4	600.00	2007.124
2	0.4	700.00	2273.134
2	0.4	800.00	2524.759
2	0.4	900.00	2763.332
2	0.5	100.00	260.047
2	0.5	200.00	508.983
2	0.5	300.00	747.599
2	0.5	400.00	976.606
2	0.5	500.00	1196.645
2	0.5	600.00	1408.296
2	0.5	700.00	1612.086
2	0.5	800.00	1808.494
2	0.5	900.00	1997.959
2	0.6	100.00	205.677
2	0.6	200.00	404.960
2	0.6	300.00	598.162
2	0.6	400.00	785.575
2	0.6	500.00	967.472
2	0.6	600.00	1144.106
2	0.6	700.00	1315.714
2	0.6	800.00	1482.521
2	0.6	900.00	1644.735
2	0.7	100.00	178.504
2	0.7	200.00	352.435
2	0.7	300.00	521.971
2	0.7	400.00	687.276
2	0.7	500.00	848.508
2	0.7	600.00	1005.819
2	0.7	700.00	1159.349
2	0.7	800.00	1309.234
2	0.7	900.00	1455.602
3	0.1	100.00	3699.444
3	0.1	200.00	4501.834
3	0.1	300.00	4922.161
3	0.1	400.00	5200.411
3	0.1	500.00	5406.090
3	0.1	600.00	5568.157
3	0.1	700.00	5701.273
3	0.1	800.00	5813.834
3	0.1	900.00	5911.074
3	0.2	100.00	2866.889
3	0.2	200.00	4016.675
3	0.2	300.00	4712.196
3	0.2	400.00	5203.950
3	0.2	500.00	5581.414
3	0.2	600.00	5886.172
3	0.2	700.00	6140.770
3	0.2	800.00	6358.750
3	0.2	900.00	6548.859
3	0.3	100.00	1758.319
3	0.3	200.00	2842.243
3	0.3	300.00	3615.136
3	0.3	400.00	4211.130
3	0.3	500.00	4693.653
3	0.3	600.00	5097.467
3	0.3	700.00	5443.601
3	0.3	800.00	5745.712
3	0.3	900.00	6013.154
3	0.4	100.00	941.526
3	0.4	200.00	1690.927
3	0.4	300.00	2310.685
3	0.4	400.00	2837.275
3	0.4	500.00	3293.782
3	0.4	600.00	3695.714
3	0.4	700.00	4053.980
3	0.4	800.00	4376.539
3	0.4	900.00	4669.370
3	0.5	100.00	520.073
3	0.5	200.00	985.468
3	0.5	300.00	1405.805
3	0.5	400.00	1788.388
3	0.5	500.00	2138.889
3	0.5	600.00	2461.803
3	0.5	700.00	2760.751
3	0.5	800.00	3038.691
3	0.5	900.00	3298.073
3	0.6	100.00	335.164
3	0.6	200.00	649.061
3	0.6	300.00	943.882
3	0.6	400.00	1221.506
3	0.6	500.00	1483.552
3	0.6	600.00	1731.425
3	0.6	700.00	1966.356
3	0.6	800.00	2189.424
3	0.6	900.00	2401.583
3	0.7	100.00	253.303
3	0.7	200.00	494.851
3	0.7	300.00	725.483
3	0.7	400.00	945.957
3	0.7	500.00	1156.958
3	0.7	600.00	1359.109
3	0.7	700.00	1552.976
3	0.7	800.00	1739.076
3	0.7	900.00	1917.880
4	0.1	100.00	3804.946
4	0.1	200.00	4482.691
4	0.1	300.00	4822.944
4	0.1	400.00	5043.268
4	0.1	500.00	5203.790
4	0.1	600.00	5328.932
4	0.1	700.00	5430.848
4	0.1	800.00	5516.414
4	0.1	900.00	5589.877
4	0.2	100.00	3361.635
4	0.2	200.00	4394.538
4	0.2	300.00	4975.663
4	0.2	400.00	5372.336
4	0.2	500.00	5670.353
4	0.2	600.00	5907.404
4	0.2	700.00	6103.213
4	0.2	800.00	6269.340
4	0.2	900.00	6413.121
4	0.3	100.00	2531.858
4	0.3	200.00	3714.394
4	0.3	300.00	4464.035
4	0.3	400.00	5005.358
4	0.3	500.00	5425.449
4	0.3	600.00	5766.650
4	0.3	700.00	6052.596
4	0.3	800.00	6297.766
4	0.3	900.00	6511.656
4	0.4	100.00	1642.293
4	0.4	200.00	2695.841
4	0.4	300.00	3460.851
4	0.4	400.00	4056.303
4	0.4	500.00	4540.760
4	0.4	600.00	4947.164
4	0.4	700.00	5295.810
4	0.4	800.00	5600.055
4	0.4	900.00	5869.147
4	0.5	100.00	970.238
4	0.5	200.00	1734.872
4	0.5	300.00	2362.152
4	0.5	400.00	2891.437
4	0.5	500.00	3347.422
4	0.5	600.00	3746.591
4	0.5	700.00	4100.480
4	0.5	800.00	4417.470
4	0.5	900.00	4703.839
4	0.6	100.00	577.033
4	0.6	200.00	1083.840
4	0.6	300.00	1534.272
4	0.6	400.00	1938.490
4	0.6	500.00	2304.167
4	0.6	600.00	2637.236
4	0.6	700.00	2942.380
4	0.6	800.00	3223.358
4	0.6	900.00	3483.233
4	0.7	100.00	379.742
4	0.7	200.00	729.718
4	0.7	300.00	1053.585
4	0.7	400.00	1354.384
4	0.7	500.00	1634.673
4	0.7	600.00	1896.622
4	0.7	700.00	2142.085
4	0.7	800.00	2372.662
4	0.7	900.00	2589.740
5	0.1	100.00	3822.582
5	0.1	200.00	4409.836
5	0.1	300.00	4696.134
5	0.1	400.00	4878.632
5	0.1	500.00	5010.180
5	0.1	600.00	5111.894
5	0.1	700.00	5194.171
5	0.1	800.00	5262.845
5	0.1	900.00	5321.496
5	0.2	100.00	3602.305
5	0.2	200.00	4502.915
5	0.2	300.00	4988.541
5	0.2	400.00	5313.600
5	0.2	500.00	5554.895
5	0.2	600.00	5745.172
5	0.2	700.00	5901.267
5	0.2	800.00	6032.931
5	0.2	900.00	6146.299
5	0.3	100.00	3055.683
5	0.3	200.00	4179.520
5	0.3	300.00	4842.113
5	0.3	400.00	5303.848
5	0.3	500.00	5654.483
5	0.3	600.00	5935.013
5	0.3	700.00	6167.442
5	0.3	800.00	6364.899
5	0.3	900.00	6535.829
5	0.4	100.00	2303.666
5	0.4	200.00	3478.002
5	0.4	300.00	4247.177
5	0.4	400.00	4811.537
5	0.4	500.00	5253.262
5	0.4	600.00	5613.694
5	0.4	700.00	5916.443
5	0.4	800.00	6176.226
5	0.4	900.00	6402.814
5	0.5	100.00	1544.984
5	0.5	200.00	2566.375
5	0.5	300.00	3319.226
5	0.5	400.00	3909.944
5	0.5	500.00	4392.607
5	0.5	600.00	4798.315
5	0.5	700.00	5146.550
5	0.5	800.00	5450.299
5	0.5	900.00	5718.645
5	0.6	100.00	954.833
5	0.6	200.00	1708.842
5	0.6	300.00	2327.455
5	0.6	400.00	2848.833
5	0.6	500.00	3297.136
5	0.6	600.00	3688.604
5	0.6	700.00	4034.672
5	0.6	800.00	4343.689
5	0.6	900.00	4621.932
5	0.7	100.00	587.586
5	0.7	200.00	1099.736
5	0.7	300.00	1551.630
5	0.7	400.00	1954.361
5	0.7	500.00	2316.274
5	0.7	600.00	2643.806
5	0.7	700.00	2942.022
5	0.7	800.00	3214.977
5	0.7	900.00	3465.968
6	0.1	100.00	3825.960
6	0.1	200.00	4354.363
6	0.1	300.00	4605.657
6	0.1	400.00	4763.534
6	0.1	500.00	4876.157
6	0.1	600.00	4962.525
6	0.1	700.00	5031.905
6	0.1	800.00	5089.463
6	0.1	900.00	5138.352
6	0.2	100.00	3721.644
6	0.2	200.00	4522.323
6	0.2	300.00	4941.201
6	0.2	400.00	5217.368
6	0.2	500.00	5420.323
6	0.2	600.00	5579.146
6	0.2	700.00	5708.611
6	0.2	800.00	5817.204
6	0.2	900.00	5910.234
6	0.3	100.00	3365.232
6	0.3	200.00	4397.410
6	0.3	300.00	4978.848
6	0.3	400.00	5375.155
6	0.3	500.00	5671.937
6	0.3	600.00	5906.984
6	0.3	700.00	6100.159
6	0.3	800.00	6263.148
6	0.3	900.00	6403.390
6	0.4	100.00	2789.016
6	0.4	200.00	3957.530
6	0.4	300.00	4672.010
6	0.4	400.00	5177.665
6	0.4	500.00	5564.469
6	0.4	600.00	5874.955
6	0.4	700.00	6132.468
6	0.4	800.00	6351.159
6	0.4	900.00	6540.233
6	0.5	100.00	2088.637
6	0.5	200.00	3239.915
6	0.5	300.00	4016.896
6	0.5	400.00	4595.153
6	0.5	500.00	5051.007
6	0.5	600.00	5424.231
6	0.5	700.00	5738.094
6	0.5	800.00	6007.353
6	0.5	900.00	6241.939
6	0.6	100.00	1410.351
6	0.6	200.00	2381.164
6	0.6	300.00	3111.318
6	0.6	400.00	3690.487
6	0.6	500.00	4166.489
6	0.6	600.00	4567.748
6	0.6	700.00	4912.498
6	0.6	800.00	5213.121
6	0.6	900.00	5478.402
6	0.7	100.00	884.108
6	0.7	200.00	1593.210
6	0.7	300.00	2180.187
6	0.7	400.00	2677.342
6	0.7	500.00	3105.830
6	0.7	600.00	3480.244
6	0.7	700.00	3811.069
6	0.7	800.00	4106.084
6	0.7	900.00	4371.214
7	0.1	100.00	3845.653
7	0.1	200.00	4339.977
7	0.1	300.00	4569.571
7	0.1	400.00	4711.645
7	0.1	500.00	4811.858
7	0.1	600.00	4888.014
7	0.1	700.00	4948.721
7	0.1	800.00	4998.743
7	0.1	900.00	5040.971
7	0.2	100.00	3806.846
7	0.2	200.00	4546.140
7	0.2	300.00	4922.454
7	0.2	400.00	5166.705
7	0.2	500.00	5344.235
7	0.2	600.00	5481.958
7	0.2	700.00	5593.404
7	0.2	800.00	5686.282
7	0.2	900.00	5765.387
7	0.3	100.00	3557.189
7	0.3	200.00	4519.906
7	0.3	300.00	5043.745
7	0.3	400.00	5394.181
7	0.3	500.00	5653.303
7	0.3	600.00	5856.535
7	0.3	700.00	6022.222
7	0.3	800.00	6161.043
7	0.3	900.00	6279.743
7	0.4	100.00	3104.792
7	0.4	200.00	4232.971
7	0.4	300.00	4891.028
7	0.4	400.00	5345.067
7	0.4	500.00	5686.580
7	0.4	600.00	5957.283
7	0.4	700.00	6179.535
7	0.4	800.00	6366.666
7	0.4	900.00	6527.240
7	0.5	100.00	2497.046
7	0.5	200.00	3683.707
7	0.5	300.00	4435.865
7	0.5	400.00	4975.842
7	0.5	500.00	5391.340
7	0.5	600.00	5725.478
7	0.5	700.00	6002.514
7	0.5	800.00	6237.401
7	0.5	900.00	6439.990
7	0.6	100.00	1828.633
7	0.6	200.00	2928.750
7	0.6	300.00	3697.618
7	0.6	400.00	4279.430
7	0.6	500.00	4741.877
7	0.6	600.00	5121.927
7	0.6	700.00	5441.905
7	0.6	800.00	5716.291
7	0.6	900.00	5954.994
7	0.7	100.00	1220.196
7	0.7	200.00	2105.256
7	0.7	300.00	2789.510
7	0.7	400.00	3340.766
7	0.7	500.00	3797.868
7	0.7	600.00	4185.079
7	0.7	700.00	4518.540
7	0.7	800.00	4809.512
7	0.7	900.00	5066.155
8	0.1	100.00	3831.521
8	0.1	200.00	4291.926
8	0.1	300.00	4501.989
8	0.1	400.00	4630.471
8	0.1	500.00	4720.291
8	0.1	600.00	4788.045
8	0.1	700.00	4841.705
8	0.1	800.00	4885.660
8	0.1	900.00	4922.563
8	0.2	100.00	3836.171
8	0.2	200.00	4512.067
8	0.2	300.00	4849.354
8	0.2	400.00	5065.813
8	0.2	500.00	5221.847
8	0.2	600.00	5342.074
8	0.2	700.00	5438.780
8	0.2	800.00	5518.935
8	0.2	900.00	5586.851
8	0.3	100.00	3681.227
8	0.3	200.00	4564.991
8	0.3	300.00	5033.741
8	0.3	400.00	5343.138
8	0.3	500.00	5569.785
8	0.3	600.00	5746.220
8	0.3	700.00	5889.131
8	0.3	800.00	6008.170
8	0.3	900.00	6109.403
8	0.4	100.00	3353.618
8	0.4	200.00	4415.498
8	0.4	300.00	5012.802
8	0.4	400.00	5417.254
8	0.4	500.00	5717.671
8	0.4	600.00	5953.512
8	0.4	700.00	6145.590
8	0.4	800.00	6306.181
8	0.4	900.00	6443.108
8	0.5	100.00	2860.121
8	0.5	200.00	4033.863
8	0.5	300.00	4740.816
8	0.5	400.00	5234.488
8	0.5	500.00	5607.438
8	0.5	600.00	5903.266
8	0.5	700.00	6145.839
8	0.5	800.00	6349.589
8	0.5	900.00	6523.889
8	0.6	100.00	2244.080
8	0.6	200.00	3417.297
8	0.6	300.00	4185.839
8	0.6	400.00	4745.346
8	0.6	500.00	5178.410
8	0.6	600.00	5527.293
8	0.6	700.00	5816.407
8	0.6	800.00	6061.082
8	0.6	900.00	6271.552
8	0.7	100.00	1594.986
8	0.7	200.00	2626.280
8	0.7	300.00	3370.860
8	0.7	400.00	3943.542
8	0.7	500.00	4402.492
8	0.7	600.00	4781.090
8	0.7	700.00	5100.196
8	0.7	800.00	5373.687
8	0.7	900.00	5611.236
9	0.1	100.00	3840.507
9	0.1	200.00	4279.146
9	0.1	300.00	4475.723
9	0.1	400.00	4594.512
9	0.1	500.00	4676.790
9	0.1	600.00	4738.371
9	0.1	700.00	4786.806
9	0.1	800.00	4826.226
9	0.1	900.00	4859.123
9	0.2	100.00	3874.089
9	0.2	200.00	4507.227
9	0.2	300.00	4816.792
9	0.2	400.00	5013.034
9	0.2	500.00	5153.216
9	0.2	600.00	5260.417
9	0.2	700.00	5346.071
9	0.2	800.00	5416.626
9	0.2	900.00	5476.062
9	0.3	100.00	3771.586
9	0.3	200.00	4596.397
9	0.3	300.00	5023.606
9	0.3	400.00	5301.855
9	0.3	500.00	5503.741
9	0.3	600.00	5659.671
9	0.3	700.00	5785.105
9	0.3	800.00	5888.927
9	0.3	900.00	5976.700
9	0.4	100.00	3519.359
9	0.4	200.00	4518.548
9	0.4	300.00	5063.979
9	0.4	400.00	5427.394
9	0.4	500.00	5694.316
9	0.4	600.00	5901.993
9	0.4	700.00	6069.838
9	0.4	800.00	6209.205
9	0.4	900.00	6327.286
9	0.5	100.00	3113.979
9	0.5	200.00	4245.150
9	0.5	300.00	4899.872
9	0.5	400.00	5347.337
9	0.5	500.00	5680.478
9	0.5	600.00	5941.771
9	0.5	700.00	6154.031
9	0.5	800.00	6330.874
9	0.5	900.00	6481.061
9	0.6	100.00	2573.109
9	0.6	200.00	3756.957
9	0.6	300.00	4493.027
9	0.6	400.00	5013.141
9	0.6	500.00	5407.617
9	0.6	600.00	5720.567
9	0.6	700.00	5976.702
9	0.6	800.00	6191.205
9	0.6	900.00	6374.046
9	0.7	100.00	1947.694
9	0.7	200.00	3065.196
9	0.7	300.00	3823.370
9	0.7	400.00	4384.014
9	0.7	500.00	4820.946
9	0.7	600.00	5173.769
9	0.7	700.00	5466.088
9	0.7	800.00	5713.063
9	0.7	900.00	5924.973
